  -2.00000    4.09402
  -1.95960    3.86898
  -1.91919    3.36136
  -1.87879    3.86919
  -1.83838    3.26163
  -1.79798    3.32933
  -1.75758    2.90458
  -1.71717    2.84556
  -1.67677    2.97866
  -1.63636    2.94634
  -1.59596    2.42000
  -1.55556    2.70351
  -1.51515    2.08786
  -1.47475    2.10104
  -1.43434    1.80931
  -1.39394    2.23771
  -1.35354    1.75670
  -1.31313    1.92940
  -1.27273    1.86912
  -1.23232    1.70077
  -1.19192    1.82272
  -1.15152    1.40945
  -1.11111    1.18264
  -1.07071    1.64473
  -1.03030    1.38823
  -0.98990    0.78613
  -0.94949    1.23376
  -0.90909    1.24211
  -0.86869    0.83717
  -0.82828    0.78151
  -0.78788    1.10920
  -0.74747    1.49465
  -0.70707    1.09015
  -0.66667    0.76396
  -0.62626    0.41428
  -0.58586    0.82273
  -0.54545    0.70597
  -0.50505    0.25698
  -0.46465    0.37735
  -0.42424    0.22265
  -0.38384    0.61767
  -0.34343    0.83863
  -0.30303    1.19181
  -0.26263    0.90723
  -0.22222    1.04623
  -0.18182    0.47365
  -0.14141    1.13482
  -0.10101    0.64264
  -0.06061    0.94878
  -0.02020    1.01931
   0.02020    1.59860
   0.06061    0.92114
   0.10101    0.63542
   0.14141    0.84810
   0.18182    1.64918
   0.22222    1.58443
   0.26263    1.57046
   0.30303    1.32496
   0.34343    1.67799
   0.38384    1.10796
   0.42424    1.70487
   0.46465    1.54160
   0.50505    1.79801
   0.54545    1.82887
   0.58586    1.67620
   0.62626    2.09346
   0.66667    1.64509
   0.70707    2.04684
   0.74747    2.07653
   0.78788    2.31501
   0.82828    2.50437
   0.86869    2.17323
   0.90909    2.53841
   0.94949    2.08387
   0.98990    2.42836
   1.03030    2.19071
   1.07071    2.26084
   1.11111    2.43840
   1.15152    2.20205
   1.19192    2.44850
   1.23232    2.58785
   1.27273    2.64187
   1.31313    2.64458
   1.35354    2.76903
   1.39394    2.38857
   1.43434    2.47846
   1.47475    2.39084
   1.51515    2.69713
   1.55556    2.32167
   1.59596    2.39434
   1.63636    2.56111
   1.67677    2.29571
   1.71717    2.21412
   1.75758    2.02751
   1.79798    1.80041
   1.83838    1.62905
   1.87879    1.06135
   1.91919    1.57034
   1.95960    1.26556
   2.00000    0.83449
